%YAML:1.0
calibration_time: "Mon Jan 13 11:07:11 2020"
nframes: 25
image_width: 640
image_height: 360
board_width: 6
board_height: 9
square_size: 2.5000000372529030e-02
aspectRatio: 1.
flags: 2
camera_matrix: !!opencv-matrix
   rows: 3
   cols: 3
   dt: d
   data: [ 9.9407053357182667e+02, 0., 3.5147624437623415e+02, 0.,
       9.9407053357182667e+02, 1.9831533166211702e+02, 0., 0., 1. ]
distortion_coefficients: !!opencv-matrix
   rows: 5
   cols: 1
   dt: d
   data: [ -6.1029442807272216e-01, 3.7419167730736125e+00,
       -1.0956405845429706e-02, -1.0615536673884349e-03,
       -6.8934630569865490e+01 ]
avg_reprojection_error: 6.4290086638689636e-01
per_view_reprojection_errors: !!opencv-matrix
   rows: 25
   cols: 1
   dt: f
   data: [ 2.88964778e-01, 2.35527188e-01, 1.78013161e-01,
       1.41320229e-01, 3.18218231e-01, 3.14472735e-01, 1.95686623e-01,
       2.57964998e-01, 3.27521592e-01, 2.45403185e-01, 2.37831801e-01,
       2.93078256e+00, 3.31599385e-01, 2.45251551e-01, 2.16784850e-01,
       2.62018055e-01, 2.59750396e-01, 2.83895314e-01, 2.93226004e-01,
       2.88491130e-01, 2.85743028e-01, 3.04659754e-01, 2.78294593e-01,
       3.28994066e-01, 2.46339291e-01 ]
extrinsic_parameters: !!opencv-matrix
   rows: 25
   cols: 6
   dt: d
   data: [ 1.3286436595205101e-01, -4.0374164437944476e-02,
       -3.1237785177224437e+00, 2.8660348792454216e-02,
       6.9602457220666020e-02, 9.3599584960504190e-01,
       1.5201252763248915e-01, -2.8797960758625746e-02,
       -3.1382063366789086e+00, 3.3290431726461289e-02,
       7.5595226179726485e-02, 9.4818499766906517e-01,
       -3.6828541597063287e-02, 1.0151058402134004e-01,
       1.7455252078006387e+00, 9.7673820462592625e-02,
       -7.6267547996141966e-02, 9.7299898366019200e-01,
       -6.2991278250385807e-02, 1.4620200139273618e-01,
       1.7770372472113667e+00, 9.4398234542620876e-02,
       -8.5294388862198159e-02, 9.7167168700180973e-01,
       -6.7006149895225228e-02, 7.3826201920037937e-01,
       2.9990918296796840e+00, 8.5136378440529709e-02,
       3.0623814280426560e-02, 9.2832839605442907e-01,
       7.8936653001365278e-02, -6.2927039472507096e-01,
       -3.0524449204535631e+00, 8.0166790405889865e-02,
       4.3688887453916657e-02, 9.2988001245950025e-01,
       -9.1664833537139578e-01, -2.1921722110290273e-01,
       -2.7290346502252110e+00, 1.2568975096841839e-01,
       7.8124408179489901e-02, 9.3079286176861353e-01,
       -5.0730750557840909e-01, -9.2514279876452765e-01,
       -2.6473129033071769e+00, 5.0999101304143958e-02,
       3.2095580080716009e-02, 9.1004083937365632e-01,
       -4.0550186843343389e-01, -1.0565632922456478e+00,
       -2.7292904893185828e+00, 4.7274651623688234e-02,
       2.6993735422159694e-02, 8.9946160334850644e-01,
       -7.1496662748398232e-01, 2.1536293332332970e-01,
       1.5257940747551288e+00, 1.2459942026486494e-01,
       -8.2905372769254443e-02, 9.4894988625762822e-01,
       -7.2410246244642695e-01, 1.6044248661090332e-01,
       1.5173220561280982e+00, 1.2471265007090455e-01,
       -8.0261444617418340e-02, 9.5301780065463215e-01,
       7.0210534990880327e-02, 1.2450124417270112e+00,
       1.7708891009980299e+00, 1.5930469379838458e-01,
       -7.1483821181044474e-02, 8.6126832935281972e-01,
       -2.2276410710908856e-02, 9.6228118913160676e-01,
       1.7810385311034740e+00, 1.2112465983763916e-01,
       -4.6891875921278747e-02, 6.5948564520695974e-01,
       2.3727179902091104e-02, -1.4216606486940784e-03,
       1.5789292462152551e+00, 8.7558417330927160e-02,
       -9.6585500265454094e-02, 7.4682931990191637e-01,
       -1.4464610870509662e-02, 2.1332823343090435e-02,
       1.6314007550049139e+00, 8.3625977935095464e-02,
       -8.7480976237948399e-02, 7.6149813779068254e-01,
       -1.1553857392450240e-01, -8.6222894047915527e-02,
       -3.0484518450554647e+00, 4.6364286230347239e-02,
       6.8783320892764857e-02, 8.5310497210384395e-01,
       -1.1755111711850054e-01, -6.5597538396240496e-02,
       -3.0561593764634902e+00, 6.1660750283986078e-02,
       6.6414273032881097e-02, 8.6813542379681796e-01,
       6.6091844840244707e-01, -2.6151903984374675e-01,
       -3.0119506224436448e+00, 8.1469444913764538e-02,
       8.2501846705388251e-02, 9.2434032024378676e-01,
       7.0691612174367879e-01, -2.6849913484153853e-01,
       -3.0078012397394440e+00, 8.0473688819315783e-02,
       7.9084926466754010e-02, 9.1950543817504493e-01,
       -1.2621989645748379e+00, -2.4938767984769702e-01,
       -2.6504364816106176e+00, 8.4206827216316379e-02,
       8.0072422314060462e-02, 8.4362176386089061e-01,
       -1.2146842714900667e+00, -2.6707976193987543e-01,
       -2.6690743003352826e+00, 8.2468280397825403e-02,
       8.1779255797164982e-02, 8.3683143501542023e-01,
       1.1336867700147898e-01, -1.2596926620330959e+00,
       -2.7380431782420112e+00, 3.3426247387638199e-02,
       5.5894285239988337e-02, 8.1077875994347082e-01,
       1.3688988203409788e-01, -1.2570985525860894e+00,
       -2.7252926501555925e+00, 3.9341132700605415e-02,
       5.4042324906606612e-02, 8.0921671061835687e-01,
       -3.1469193537208506e-01, 7.0813124651082049e-01,
       1.4974673927306272e+00, 1.3448462608001630e-01,
       -6.7037742931397873e-02, 8.7811068940635539e-01,
       -6.2266184204608910e-01, -1.0909693014623217e-01,
       1.6102807291527228e+00, 7.7595129264654616e-02,
       -3.8259132411004919e-02, 9.2407115365307946e-01 ]
