<?xml version="1.0" encoding="utf-8"?>
<opencv_storage>
   <Camera_Matrix type_id="opencv-matrix">
      <rows>3</rows>
      <cols>3</cols>
      <dt>d</dt>
      <data>5.0290687772057061e+02 0. 320. 0. 5.0290687772057061e+02 180. 0. 0.
    1.
</data>
   </Camera_Matrix>
   <Distortion_Coefficients type_id="opencv-matrix">
      <rows>5</rows>
      <cols>1</cols>
      <dt>d</dt>
      <data>1.0956640124470347e-01 -2.7487270050352164e-01 0. 0.
    3.3373532641246206e-01 </data>
   </Distortion_Coefficients>
</opencv_storage>
