<?xml version="1.0" encoding="utf-8"?>
<opencv_storage>
   <mat_camera type_id="opencv-matrix">
      <rows>3</rows>
      <cols>3</cols>
      <dt>d</dt>
      <data>
         4.6402926001710540e+02 0. 3.3806597009457965e+02
         0. 4.6402926001710540e+02 1.8005250136685575e+02
         0. 0. 1. 
      </data>
   </mat_camera>
   <mat_coeffs_distortion type_id="opencv-matrix">
      <rows>5</rows>
      <cols>1</cols>
      <dt>d</dt>
      <data>
      -7.8256859647248267e-02 9.8295336100044639e-01 2.7114013446260252e-03 -8.6734677670389506e-04 -3.7061046869744469e+00 
      </data>
   </mat_coeffs_distortion>
   <length_f>4</length_f>
   <sz>640 360</sz>
   <type_driver>1</type_driver>
   <pt3_offset>0 0 0</pt3_offset>
</opencv_storage>


