%YAML:1.0
calibration_time: "Mon Jan 13 10:07:37 2020"
nframes: 23
image_width: 640
image_height: 360
board_width: 6
board_height: 9
square_size: 2.5000000372529030e-02
aspectRatio: 1.
flags: 2
camera_matrix: !!opencv-matrix
   rows: 3
   cols: 3
   dt: d
   data: [ 4.6402926001710540e+02, 0., 3.3806597009457965e+02, 0.,
       4.6402926001710540e+02, 1.8005250136685575e+02, 0., 0., 1. ]
distortion_coefficients: !!opencv-matrix
   rows: 5
   cols: 1
   dt: d
   data: [ -7.8256859647248267e-02, 9.8295336100044639e-01,
       2.7114013446260252e-03, -8.6734677670389506e-04,
       -3.7061046869744469e+00 ]
avg_reprojection_error: 1.1414674718002560e+00
per_view_reprojection_errors: !!opencv-matrix
   rows: 23
   cols: 1
   dt: f
   data: [ 2.64662683e-01, 3.27350706e-01, 1.07331657e+00,
       3.78964210e+00, 3.07130724e-01, 3.20571691e-01, 3.42742801e-01,
       3.36737186e-01, 3.07226062e-01, 2.67997503e-01, 2.85709828e-01,
       3.62392724e-01, 3.49793506e+00, 3.53879988e-01, 2.78272927e-01,
       3.21854353e-01, 2.85720527e-01, 4.05846000e-01, 3.93348634e-01,
       3.78858089e-01, 3.62982512e-01, 3.63646269e-01, 3.45931798e-01 ]
extrinsic_parameters: !!opencv-matrix
   rows: 23
   cols: 6
   dt: d
   data: [ 4.3165351788804907e-01, 1.6171456609039339e-01,
       2.9961580069236038e+00, 6.2728082867066451e-02,
       5.2211113712118014e-02, 4.8037133169062718e-01,
       3.6823129737702263e-02, 2.0479152835056380e-01,
       1.5270970790916074e+00, 1.0192747519329977e-01,
       -1.2443148818750230e-01, 4.6358407093880083e-01,
       -3.6861610879247658e-01, 7.7726409798906948e-01,
       1.5448869760261683e+00, 1.1610425605060312e-01,
       -1.1576087814003869e-01, 4.9127587293335562e-01,
       -4.2771356874580280e-01, -1.2914578805961066e+00,
       -2.8122673997973426e+00, 3.7842019629163712e-02,
       3.3328935755224907e-02, 3.8675053880711890e-01,
       5.0227679168031636e-01, 5.5106643193429961e-01,
       1.4993850312345924e+00, 1.0402045142844556e-01,
       -8.9248167276031853e-02, 4.5545308962711706e-01,
       -3.4094049004583127e-01, -4.4154573147877199e-02,
       1.4296454533232212e+00, 8.0159935903693358e-02,
       -7.0967904042608096e-02, 4.3679132636943824e-01,
       4.0656946928140619e-01, 1.9940337535304598e-01,
       3.0758048939399365e+00, 4.4779538268434810e-02,
       1.1030299431355217e-01, 4.0438309452767363e-01,
       3.9410216097764067e-01, 1.9790337545702924e-01,
       3.0854517545916353e+00, 4.3743742735540908e-02,
       1.0488106170687769e-01, 4.0296415735486713e-01,
       -3.9686006765063758e-01, 6.6417273932334486e-01,
       1.5044754111749432e+00, 1.0436631607352245e-01,
       -6.7306195344574771e-02, 5.1766138063745726e-01,
       -6.3956785071864697e-01, 2.6030112270690436e-01,
       2.1262927365972636e-01, -2.1200131661459978e-02,
       -1.2216148074802342e-01, 5.5261832843015379e-01,
       -7.6099506651158744e-01, -4.9619949760149912e-01,
       -2.9065446458852224e+00, 2.3200578789405426e-02,
       8.4609703969434957e-02, 4.2951345353202525e-01,
       -7.3429418569077387e-01, 4.0905916644976742e-01,
       2.8759131681539913e+00, 2.7638319319131435e-02,
       1.0326038210265133e-01, 4.9847331168463538e-01,
       9.4778975306987243e-02, 1.3784974816116153e+00,
       2.7904845000627940e+00, 3.3758901214880552e-02,
       4.9277510852580100e-02, 4.0130412617378636e-01,
       5.6215253433478563e-01, 1.4207338902401279e-01,
       3.0256492070545500e+00, 3.2058836335034591e-02,
       9.2296177533380583e-02, 4.2624771440026438e-01,
       -6.2223880965450225e-03, 3.8582761112896763e-01,
       1.4809615824228277e+00, 8.8149036268435219e-02,
       -1.1439489202361226e-01, 4.8007240700148107e-01,
       5.1867723339095062e-02, 1.2172402167599077e-01,
       1.5010236926722680e+00, 6.1801230566715250e-02,
       -9.6460309654004650e-02, 4.7671471567046986e-01,
       4.4258710487035008e-01, 7.3362274000611394e-01,
       1.5252881690254663e+00, 7.5372587765471247e-02,
       -9.3052508328513070e-02, 4.1254020612038494e-01,
       -1.0201937838486952e-01, 9.0153981123267841e-03,
       1.5590038388403036e+00, 7.6854525018958342e-02,
       -8.5596821461115843e-02, 4.7019010737417571e-01,
       -5.2272136140682941e-02, 1.8231318798641413e-01,
       -1.3480487727478738e-03, -6.9448209413829662e-02,
       -1.0685804561654003e-01, 4.4176443922116748e-01,
       -5.0376144262560658e-02, 2.1662265413986654e-02,
       -5.0841438436818060e-03, -6.6837199344668627e-02,
       -1.1080492158542209e-01, 4.2763657187046394e-01,
       -5.1455758483333169e-02, -4.2355039192427724e-01,
       -3.1690681635243988e-02, -1.4518019790058576e-01,
       -1.1054442117096509e-01, 4.8011898907649619e-01,
       -5.1559913971725088e-02, -4.4712404765713321e-01,
       -3.5170579468263352e-02, -1.3973410476093431e-01,
       -1.0617766339724176e-01, 4.7975174018106137e-01,
       -4.2834524144307784e-01, -2.7344621035474564e-01,
       1.4588848981456652e+00, 3.6119624438616917e-02,
       -8.9811875799233054e-02, 4.7026460687587324e-01 ]
